function Nn = Normalizing(N)

	NBig = [1.0000   -1.0000    3.0000  -15.0000  105.0000 -945.0000];

	Nn = NBig(1:N);

end