>> fiber_cup 3
ans =

    1.5604    1.8812
    1.5752    3.0953
    1.6467    4.3266

>> fiber_cup 2
>> fri_est.Locations

ans =

    1.6194    2.0697
    2.5652    3.7805

>> fiber_cup 2
>> fri_est.Locations

ans =

    1.6194    2.0697
    2.5652    3.7805

>> fiber_cup 1
>> fri_est.Locations

ans =

    1.5571    6.0441